1.0
1
nosemi5.txt  A
1000000
2.68
99
1 0.00015
61
1
1  0  0  400000 0 0 0 0 0
1.34 0.179 0.219 1.5 0 0.66 0.25 4 25.6
1.34 0.179 0.219 0.3 0 0.66 0.25 4 25.6
1.34 0.179 0.219 0.3 0 0.66 0.25 4 25.6
1.34 0.179 0.21901 0.3 0 0.66 0.25 4 25.6
1.34 0.17901 0.21902 0.3 0 0.66 0.25 4 25.6
1.34 0.17901 0.21904 0.3 0 0.66 0.25 4 25.6
1.34 0.17902 0.21908 0.3 0 0.66 0.25 4 25.6
1.34 0.17904 0.21918 0.3 0 0.66 0.25 4 25.6
1.34 0.17908 0.21938 0.3 0 0.66 0.25 4 25.6
1.34 0.17914 0.21978 0.3 0 0.66 0.25 4 25.6
1.34 0.17925 0.22054 0.3 0 0.66 0.25 4 25.6
1.34 0.17944 0.22194 0.3 0 0.66 0.25 4 25.6
1.34 0.17975 0.22444 0.3 0 0.66 0.25 4 25.6
1.34 0.18022 0.22872 0.3 0 0.66 0.25 4 25.6
1.34 0.18094 0.23578 0.3 0 0.66 0.25 4 25.6
1.34 0.18199 0.24698 0.3 0 0.66 0.25 4 25.6
1.34 0.18348 0.26407 0.3 0 0.66 0.25 4 25.6
1.34 0.18552 0.28915 0.3 0 0.66 0.25 4 25.6
1.34 0.18822 0.32448 0.3 0 0.66 0.25 4 25.6
1.34 0.19166 0.37222 0.3 0 0.66 0.25 4 25.6
1.34 0.19588 0.43405 0.3 0 0.66 0.25 4 25.6
1.34 0.20085 0.51059 0.3 0 0.66 0.25 4 25.6
1.34 0.20648 0.60098 0.3 0 0.66 0.25 4 25.6
1.34 0.21256 0.70243 0.3 0 0.66 0.25 4 25.6
1.34 0.2188 0.8101 0.3 0 0.66 0.25 4 25.6
1.34 0.22484 0.91726 0.3 0 0.66 0.25 4 25.6
1.34 0.23028 1.0159 0.3 0 0.66 0.25 4 25.6
1.34 0.23471 1.0977 0.3 0 0.66 0.25 4 25.6
1.34 0.23778 1.155 0.3 0 0.66 0.25 4 25.6
1.34 0.23923 1.1822 0.3 0 0.66 0.25 4 25.6
1.34 0.23894 1.1767 0.3 0 0.66 0.25 4 25.6
1.34 0.23693 1.139 0.3 0 0.66 0.25 4 25.6
1.34 0.23337 1.0728 0.3 0 0.66 0.25 4 25.6
1.34 0.22856 0.98448 0.3 0 0.66 0.25 4 25.6
1.34 0.22287 0.88207 0.3 0 0.66 0.25 4 25.6
1.34 0.21672 0.7739 0.3 0 0.66 0.25 4 25.6
1.34 0.2105 0.66764 0.3 0 0.66 0.25 4 25.6
1.34 0.20454 0.56944 0.3 0 0.66 0.25 4 25.6
1.34 0.19911 0.48346 0.3 0 0.66 0.25 4 25.6
1.34 0.19438 0.41181 0.3 0 0.66 0.25 4 25.6
1.34 0.19043 0.35481 0.3 0 0.66 0.25 4 25.6
1.34 0.18724 0.31142 0.3 0 0.66 0.25 4 25.6
1.34 0.18477 0.27976 0.3 0 0.66 0.25 4 25.6
1.34 0.18293 0.25759 0.3 0 0.66 0.25 4 25.6
1.34 0.1816 0.24268 0.3 0 0.66 0.25 4 25.6
1.34 0.18067 0.23304 0.3 0 0.66 0.25 4 25.6
1.34 0.18004 0.22704 0.3 0 0.66 0.25 4 25.6
1.34 0.17963 0.22345 0.3 0 0.66 0.25 4 25.6
1.34 0.17937 0.22138 0.3 0 0.66 0.25 4 25.6
1.34 0.17921 0.22023 0.3 0 0.66 0.25 4 25.6
1.34 0.17912 0.21961 0.3 0 0.66 0.25 4 25.6
1.34 0.17906 0.2193 0.3 0 0.66 0.25 4 25.6
1.34 0.17903 0.21914 0.3 0 0.66 0.25 4 25.6
1.34 0.17902 0.21906 0.3 0 0.66 0.25 4 25.6
1.34 0.17901 0.21903 0.3 0 0.66 0.25 4 25.6
1.34 0.179 0.21901 0.3 0 0.66 0.25 4 25.6
1.34 0.179 0.219 0.3 0 0.66 0.25 4 25.6
1.34 0.179 0.219 0.3 0 0.66 0.25 4 25.6
1.34 0.179 0.219 0.3 0 0.66 0.25 4 25.6
1.34 0.179 0.219 11.1 0 0.66 0.25 4 25.6
1.34
