   0.0000000e+00   1.0519680e-01   9.9988171e-02   9.6963200e-01   6.2494260e-03
   1.1494253e+00   1.0465210e-01   1.0154487e-01   9.7005200e-01   6.1831599e-03
   2.2988506e+00   1.0574160e-01   9.8432371e-02   9.6919911e-01   6.3177255e-03
   3.4482759e+00   1.0470020e-01   1.0101377e-01   9.6993347e-01   6.2018602e-03
   4.5977011e+00   1.0483340e-01   9.9123571e-02   9.6916515e-01   6.3230833e-03
   5.7471264e+00   1.0521570e-01   1.0202127e-01   9.7013142e-01   6.1706285e-03
   6.8965517e+00   1.0512190e-01   9.8853071e-02   9.6880734e-01   6.3795367e-03
   8.0459770e+00   1.0509400e-01   1.0075297e-01   9.6992937e-01   6.2025076e-03
   9.1954023e+00   1.0401540e-01   1.0247557e-01   9.7047473e-01   6.1164620e-03
   1.0344828e+01   8.9992700e-02   1.1658227e-01   9.7545485e-01   5.3307171e-03
   1.1494253e+01   7.0126000e-02   1.3685797e-01   9.8002733e-01   4.6092871e-03
   1.2643678e+01   6.8111300e-02   1.4294667e-01   9.8069391e-01   4.5041167e-03
   1.3793103e+01   7.9543800e-02   1.3337517e-01   9.7872362e-01   4.8149814e-03
   1.4942529e+01   6.9821800e-02   2.0224817e-01   9.8844106e-01   3.2817982e-03
   1.6091954e+01   6.7960100e-02   2.1537787e-01   9.8925467e-01   3.1534289e-03
   1.7241379e+01   9.3637500e-02   1.7548147e-01   9.8460609e-01   3.8868665e-03
   1.8390805e+01   8.5919200e-02   2.5893777e-01   9.9266357e-01   2.6155855e-03
   1.9540230e+01   6.2777900e-02   2.4810307e-01   9.9041455e-01   2.9704276e-03
   2.0689655e+01   8.2266200e-02   2.5519977e-01   9.9087941e-01   2.8970843e-03
   2.1839080e+01   7.8364600e-02   2.6787237e-01   9.8939880e-01   3.1306893e-03
   2.2988506e+01   8.5968700e-02   2.6065527e-01   9.9073016e-01   2.9206318e-03
