   0.0000000e+00   1.0076740e-01   8.3380571e-02   9.5990257e-01   7.7845012e-03
   1.1494253e+00   9.7222500e-02   8.9797471e-02   9.6397400e-01   7.1421240e-03
   2.2988506e+00   9.6762400e-02   7.7923571e-02   9.5581848e-01   8.4288738e-03
   3.4482759e+00   9.5579500e-02   8.5856471e-02   9.5980310e-01   7.8001947e-03
   4.5977011e+00   9.5179100e-02   1.4620487e-01   9.8041204e-01   4.5485880e-03
   5.7471264e+00   9.3775400e-02   1.1343557e-01   9.7189803e-01   5.8918998e-03
   6.8965517e+00   9.2272300e-02   9.9781671e-02   9.6670428e-01   6.7113508e-03
   8.0459770e+00   9.2574700e-02   8.8387271e-02   9.6183902e-01   7.4789743e-03
   9.1954023e+00   9.5165400e-02   1.1249357e-01   9.7236495e-01   5.8182306e-03
   1.0344828e+01   9.4484300e-02   1.0250467e-01   9.7102003e-01   6.0304267e-03
   1.1494253e+01   9.4244500e-02   9.6307471e-02   9.6769820e-01   6.5545328e-03
   1.2643678e+01   9.4039200e-02   7.5471771e-02   9.5396642e-01   8.7210864e-03
   1.3793103e+01   9.2674100e-02   1.1423587e-01   9.7024042e-01   6.1534305e-03
   1.4942529e+01   9.2220000e-02   1.2231397e-01   9.6424809e-01   7.0988795e-03
   1.6091954e+01   9.4381900e-02   3.5535007e-01   9.9189587e-01   2.7367097e-03
   1.7241379e+01   9.4930400e-02   4.7066157e-01   9.9528885e-01   2.2013783e-03
   1.8390805e+01   1.0170280e-01   5.6642517e-01   9.9694404e-01   1.9402281e-03
   1.9540230e+01   9.8571800e-02   6.0697817e-01   9.9524597e-01   2.2081430e-03
   2.0689655e+01   1.0588430e-01   6.6300067e-01   9.9498419e-01   2.2494464e-03
   2.1839080e+01   1.1216240e-01   5.9150557e-01   9.9282155e-01   2.5906591e-03
   2.2988506e+01   1.1479850e-01   5.1671047e-01   9.9052274e-01   2.9533584e-03
   2.4137931e+01   1.0632240e-01   6.5075957e-01   9.9514937e-01   2.2233845e-03
   2.5287356e+01   9.6645500e-02   6.0343047e-01   9.9443036e-01   2.3368264e-03
   2.6436782e+01   9.0005300e-02   5.2099867e-01   9.9214139e-01   2.6979726e-03
   2.7586207e+01   8.6433500e-02   3.9891947e-01   9.8657710e-01   3.5758870e-03
   2.8735632e+01   8.7454300e-02   4.0857467e-01   9.8543008e-01   3.7568597e-03
   2.9885057e+01   8.1366000e-02   4.2465597e-01   9.8570439e-01   3.7135796e-03
   3.1034483e+01   8.3237700e-02   3.6628027e-01   9.8114509e-01   4.4329306e-03
   3.2183908e+01   8.2733500e-02   4.2989947e-01   9.8362807e-01   4.0411750e-03
   3.3333333e+01   8.5337600e-02   4.1219337e-01   9.8100174e-01   4.4555484e-03
   3.4482759e+01   8.4503800e-02   4.6358517e-01   9.8073205e-01   4.4980986e-03
   3.5632184e+01   8.8361300e-02   5.6198167e-01   9.8443389e-01   3.9140354e-03
   3.6781609e+01   8.7080500e-02   6.2564447e-01   9.8577423e-01   3.7025615e-03
   3.7931034e+01   8.8970600e-02   6.4748237e-01   9.8487335e-01   3.8446990e-03
   3.9080460e+01   8.7859200e-02   6.7790277e-01   9.8602633e-01   3.6627850e-03
   4.0229885e+01   9.0568500e-02   7.2935547e-01   9.8684875e-01   3.5330269e-03
   4.1379310e+01   9.2157800e-02   7.5952617e-01   9.8689418e-01   3.5258587e-03
   4.2528736e+01   9.3093200e-02   7.7498077e-01   9.8655466e-01   3.5794269e-03
   4.3678161e+01   9.4402600e-02   7.7433437e-01   9.8643282e-01   3.5986507e-03
   4.4827586e+01   9.4857000e-02   7.6993997e-01   9.8644689e-01   3.5964315e-03
   4.5977011e+01   9.4688100e-02   7.7410087e-01   9.8646471e-01   3.5936202e-03
   4.7126437e+01   9.3632400e-02   7.6919657e-01   9.8687301e-01   3.5291986e-03
   4.8275862e+01   9.3021800e-02   7.2251517e-01   9.8543633e-01   3.7558729e-03
   4.9425287e+01   8.8757800e-02   7.2064917e-01   9.8671733e-01   3.5537617e-03
   5.0574713e+01   8.7184500e-02   7.1244247e-01   9.8671987e-01   3.5533610e-03
   5.1724138e+01   9.0321500e-02   7.3443647e-01   9.8855758e-01   3.2634131e-03
