   1.9761505e-07
   1.9791920e-07
   1.9822382e-07
   1.9852893e-07
   1.9883452e-07
   1.9914060e-07
   1.9944716e-07
   1.9975421e-07
   2.0006175e-07
   2.0036977e-07
   2.0067828e-07
   2.0098729e-07
   2.0129678e-07
   2.0160676e-07
   2.0191724e-07
   2.0222821e-07
   2.0253967e-07
   2.0285163e-07
   2.0316408e-07
   2.0347702e-07
   2.0379047e-07
   2.0410441e-07
   2.0441885e-07
   2.0473379e-07
   2.0504923e-07
   2.0536517e-07
   2.0568161e-07
   2.0599856e-07
   2.0631600e-07
   2.0663395e-07
   2.0695241e-07
   2.0727137e-07
   2.0759084e-07
   2.0791082e-07
   2.0823130e-07
   2.0855230e-07
   2.0887380e-07
   2.0919582e-07
   2.0951834e-07
   2.0984138e-07
   2.1016493e-07
   2.1048900e-07
   2.1081358e-07
   2.1113868e-07
   2.1146429e-07
   2.1179042e-07
   2.1211707e-07
   2.1244424e-07
   2.1277193e-07
   2.1310014e-07
   2.1342887e-07
   2.1375812e-07
   2.1408790e-07
   2.1441820e-07
   2.1474902e-07
   2.1508038e-07
   2.1541226e-07
   2.1574466e-07
   2.1607760e-07
   2.1641106e-07
   2.1674506e-07
   2.1707959e-07
   2.1741464e-07
   2.1775024e-07
   2.1808636e-07
   2.1842302e-07
   2.1876022e-07
   2.1909795e-07
   2.1943622e-07
   2.1977503e-07
   2.2011437e-07
   2.2045426e-07
   2.2079469e-07
   2.2113566e-07
   2.2147717e-07
   2.2181922e-07
   2.2216182e-07
   2.2250497e-07
   2.2284866e-07
   2.2319290e-07
   2.2353768e-07
   2.2388302e-07
   2.2422890e-07
   2.2457534e-07
   2.2492233e-07
   2.2526987e-07
   2.2561796e-07
   2.2596661e-07
   2.2631581e-07
   2.2666557e-07
   2.2701588e-07
   2.2736676e-07
   2.2771819e-07
   2.2807018e-07
   2.2842273e-07
   2.2877585e-07
   2.2912953e-07
   2.2948377e-07
   2.2983857e-07
   2.3019394e-07
   2.3054988e-07
   2.3090638e-07
   2.3126345e-07
   2.3162109e-07
   2.3197931e-07
   2.3233809e-07
   2.3269744e-07
   2.3305737e-07
   2.3341787e-07
   2.3377894e-07
   2.3414059e-07
   2.3450282e-07
   2.3486562e-07
   2.3522900e-07
   2.3559297e-07
   2.3595751e-07
   2.3632263e-07
   2.3668834e-07
   2.3705463e-07
   2.3742150e-07
   2.3778896e-07
   2.3815700e-07
   2.3852563e-07
   2.3889485e-07
   2.3926466e-07
   2.3963506e-07
   2.4000605e-07
   2.4037763e-07
   2.4074980e-07
   2.4112257e-07
   2.4149593e-07
   2.4186989e-07
   2.4224445e-07
   2.4261960e-07
   2.4299535e-07
   2.4337170e-07
   2.4374865e-07
   2.4412621e-07
   2.4450436e-07
   2.4488312e-07
   2.4526249e-07
   2.4564246e-07
   2.4602303e-07
   2.4640422e-07
   2.4678601e-07
   2.4716841e-07
   2.4755143e-07
   2.4793505e-07
   2.4831929e-07
   2.4870414e-07
   2.4908961e-07
   2.4947569e-07
   2.4986239e-07
   2.5024970e-07
   2.5063764e-07
   2.5102619e-07
   2.5141536e-07
   2.5180516e-07
   2.5219558e-07
   2.5258662e-07
   2.5297829e-07
   2.5337059e-07
   2.5376351e-07
   2.5415705e-07
   2.5455123e-07
   2.5494604e-07
   2.5534148e-07
   2.5573755e-07
   2.5613425e-07
   2.5653159e-07
   2.5692956e-07
   2.5732817e-07
   2.5772742e-07
   2.5812731e-07
   2.5852783e-07
   2.5892899e-07
   2.5933080e-07
   2.5973325e-07
   2.6013634e-07
   2.6054008e-07
   2.6094446e-07
   2.6134949e-07
   2.6175517e-07
   2.6216150e-07
   2.6256847e-07
   2.6297610e-07
   2.6338438e-07
   2.6379331e-07
   2.6420290e-07
   2.6461314e-07
   2.6502404e-07
   2.6543560e-07
   2.6584781e-07
   2.6626069e-07
   2.6667422e-07
   2.6708842e-07
   2.6750328e-07
   2.6791880e-07
   2.6833499e-07
   2.6875185e-07
   2.6916937e-07
   2.6958756e-07
   2.7000642e-07
   2.7042596e-07
   2.7084616e-07
   2.7126704e-07
   2.7168859e-07
   2.7211081e-07
   2.7253371e-07
   2.7295729e-07
   2.7338155e-07
   2.7380649e-07
   2.7423210e-07
   2.7465840e-07
   2.7508538e-07
   2.7551305e-07
   2.7594140e-07
   2.7637044e-07
   2.7680016e-07
   2.7723058e-07
   2.7766168e-07
   2.7809348e-07
   2.7852596e-07
   2.7895914e-07
   2.7939301e-07
   2.7982758e-07
   2.8026285e-07
   2.8069881e-07
   2.8113547e-07
   2.8157283e-07
   2.8201090e-07
   2.8244966e-07
   2.8288913e-07
   2.8332931e-07
   2.8377018e-07
   2.8421177e-07
   2.8465407e-07
   2.8509707e-07
   2.8554078e-07
   2.8598521e-07
   2.8643035e-07
   2.8687620e-07
   2.8732277e-07
   2.8777005e-07
   2.8821805e-07
   2.8866677e-07
   2.8911621e-07
   2.8956638e-07
   2.9001726e-07
   2.9046887e-07
   2.9092120e-07
   2.9137426e-07
   2.9182804e-07
   2.9228255e-07
   2.9273780e-07
   2.9319377e-07
   2.9365048e-07
   2.9410791e-07
   2.9456609e-07
   2.9502499e-07
   2.9548464e-07
   2.9594502e-07
   2.9640614e-07
   2.9686801e-07
   2.9733061e-07
   2.9779396e-07
   2.9825805e-07
   2.9872288e-07
   2.9918847e-07
   2.9965480e-07
   3.0012188e-07
   3.0058971e-07
   3.0105829e-07
   3.0152762e-07
   3.0199771e-07
   3.0246855e-07
   3.0294015e-07
   3.0341251e-07
   3.0388563e-07
   3.0435950e-07
   3.0483414e-07
   3.0530954e-07
   3.0578571e-07
   3.0626264e-07
   3.0674034e-07
   3.0721880e-07
   3.0769803e-07
   3.0817804e-07
   3.0865881e-07
   3.0914036e-07
   3.0962269e-07
   3.1010578e-07
   3.1058966e-07
   3.1107431e-07
   3.1155975e-07
   3.1204596e-07
   3.1253295e-07
   3.1302073e-07
   3.1350929e-07
   3.1399864e-07
   3.1448878e-07
   3.1497970e-07
   3.1547142e-07
   3.1596392e-07
   3.1645722e-07
   3.1695131e-07
   3.1744619e-07
   3.1794188e-07
   3.1843836e-07
   3.1893563e-07
   3.1943371e-07
   3.1993259e-07
   3.2043228e-07
   3.2093276e-07
   3.2143406e-07
   3.2193616e-07
   3.2243906e-07
   3.2294278e-07
   3.2344731e-07
   3.2395265e-07
   3.2445881e-07
   3.2496578e-07
   3.2547356e-07
   3.2598216e-07
   3.2649159e-07
   3.2700183e-07
   3.2751289e-07
   3.2802478e-07
   3.2853749e-07
   3.2905103e-07
   3.2956540e-07
   3.3008059e-07
   3.3059661e-07
   3.3111347e-07
   3.3163115e-07
   3.3214968e-07
   3.3266903e-07
   3.3318923e-07
   3.3371026e-07
   3.3423213e-07
   3.3475484e-07
   3.3527840e-07
   3.3580280e-07
   3.3632804e-07
   3.3685413e-07
   3.3738107e-07
   3.3790886e-07
   3.3843750e-07
   3.3896699e-07
   3.3949733e-07
   3.4002853e-07
   3.4056059e-07
   3.4109351e-07
   3.4162728e-07
   3.4216191e-07
   3.4269741e-07
   3.4323377e-07
   3.4377100e-07
   3.4430909e-07
   3.4484805e-07
   3.4538788e-07
   3.4592858e-07
   3.4647015e-07
   3.4701259e-07
   3.4755592e-07
   3.4810011e-07
   3.4864519e-07
   3.4919114e-07
   3.4973798e-07
   3.5028570e-07
   3.5083430e-07
   3.5138379e-07
   3.5193417e-07
   3.5248543e-07
   3.5303758e-07
   3.5359063e-07
   3.5414456e-07
   3.5469940e-07
   3.5525512e-07
   3.5581175e-07
   3.5636927e-07
   3.5692769e-07
   3.5748702e-07
   3.5804725e-07
   3.5860838e-07
   3.5917042e-07
   3.5973337e-07
   3.6029722e-07
   3.6086199e-07
   3.6142767e-07
   3.6199426e-07
   3.6256177e-07
   3.6313020e-07
   3.6369954e-07
   3.6426980e-07
   3.6484099e-07
   3.6541310e-07
   3.6598613e-07
   3.6656009e-07
   3.6713497e-07
   3.6771079e-07
   3.6828753e-07
   3.6886521e-07
   3.6944382e-07
   3.7002337e-07
   3.7060385e-07
   3.7118527e-07
   3.7176764e-07
   3.7235094e-07
   3.7293519e-07
   3.7352038e-07
   3.7410652e-07
   3.7469360e-07
   3.7528164e-07
   3.7587062e-07
   3.7646056e-07
   3.7705145e-07
   3.7764330e-07
   3.7823611e-07
   3.7882987e-07
   3.7942460e-07
   3.8002028e-07
   3.8061693e-07
   3.8121455e-07
   3.8181313e-07
   3.8241269e-07
   3.8301321e-07
   3.8361470e-07
   3.8421717e-07
   3.8482061e-07
   3.8542503e-07
   3.8603043e-07
   3.8663680e-07
   3.8724416e-07
   3.8785250e-07
   3.8846183e-07
   3.8907214e-07
   3.8968344e-07
   3.9029573e-07
   3.9090902e-07
   3.9152329e-07
   3.9213856e-07
   3.9275483e-07
   3.9337209e-07
   3.9399035e-07
   3.9460962e-07
   3.9522989e-07
   3.9585116e-07
   3.9647344e-07
   3.9709673e-07
   3.9772102e-07
   3.9834633e-07
   3.9897265e-07
   3.9959999e-07
   4.0022834e-07
   4.0085771e-07
   4.0148810e-07
   4.0211952e-07
   4.0275195e-07
   4.0338541e-07
   4.0401990e-07
   4.0465542e-07
   4.0529196e-07
   4.0592954e-07
   4.0656815e-07
   4.0720780e-07
   4.0784848e-07
   4.0849020e-07
   4.0913297e-07
   4.0977677e-07
   4.1042162e-07
   4.1106752e-07
   4.1171446e-07
   4.1236245e-07
   4.1301149e-07
   4.1366159e-07
   4.1431274e-07
   4.1496494e-07
   4.1561821e-07
   4.1627253e-07
   4.1692792e-07
   4.1758436e-07
   4.1824188e-07
   4.1890046e-07
   4.1956011e-07
   4.2022083e-07
   4.2088262e-07
   4.2154548e-07
   4.2220942e-07
   4.2287444e-07
   4.2354054e-07
   4.2420772e-07
   4.2487598e-07
   4.2554533e-07
   4.2621576e-07
   4.2688729e-07
   4.2755990e-07
   4.2823360e-07
   4.2890840e-07
   4.2958430e-07
   4.3026129e-07
   4.3093938e-07
   4.3161857e-07
   4.3229887e-07
   4.3298027e-07
   4.3366278e-07
   4.3434639e-07
   4.3503112e-07
   4.3571696e-07
   4.3640391e-07
   4.3709198e-07
   4.3778117e-07
   4.3847147e-07
   4.3916290e-07
   4.3985545e-07
   4.4054913e-07
   4.4124394e-07
   4.4193987e-07
   4.4263694e-07
   4.4333513e-07
   4.4403447e-07
   4.4473494e-07
   4.4543654e-07
   4.4613929e-07
   4.4684318e-07
   4.4754822e-07
   4.4825440e-07
   4.4896173e-07
   4.4967021e-07
   4.5037985e-07
   4.5109063e-07
   4.5180258e-07
   4.5251568e-07
   4.5322994e-07
   4.5394536e-07
   4.5466194e-07
   4.5537969e-07
   4.5609861e-07
   4.5681870e-07
   4.5753996e-07
   4.5826240e-07
   4.5898601e-07
   4.5971079e-07
   4.6043676e-07
   4.6116390e-07
   4.6189224e-07
   4.6262175e-07
   4.6335245e-07
   4.6408435e-07
   4.6481743e-07
   4.6555171e-07
   4.6628718e-07
   4.6702385e-07
   4.6776172e-07
   4.6850079e-07
   4.6924106e-07
   4.6998254e-07
   4.7072523e-07
   4.7146912e-07
   4.7221423e-07
   4.7296055e-07
   4.7370809e-07
   4.7445684e-07
   4.7520681e-07
   4.7595801e-07
   4.7671043e-07
   4.7746407e-07
   4.7821894e-07
   4.7897504e-07
   4.7973238e-07
   4.8049095e-07
   4.8125075e-07
   4.8201179e-07
   4.8277407e-07
   4.8353760e-07
   4.8430237e-07
   4.8506838e-07
   4.8583564e-07
   4.8660416e-07
   4.8737392e-07
   4.8814495e-07
   4.8891722e-07
   4.8969076e-07
   4.9046556e-07
   4.9124162e-07
   4.9201895e-07
   4.9279754e-07
   4.9357741e-07
   4.9435854e-07
   4.9514095e-07
   4.9592464e-07
   4.9670960e-07
   4.9749585e-07
   4.9828338e-07
   4.9907219e-07
   4.9986229e-07
   5.0065367e-07
   5.0144635e-07
   5.0224032e-07
   5.0303559e-07
   5.0383216e-07
   5.0463002e-07
   5.0542919e-07
   5.0622966e-07
   5.0703143e-07
   5.0783452e-07
   5.0863892e-07
   5.0944463e-07
   5.1025165e-07
   5.1105999e-07
   5.1186965e-07
   5.1268064e-07
   5.1349294e-07
   5.1430658e-07
   5.1512154e-07
   5.1593783e-07
   5.1675546e-07
   5.1757442e-07
   5.1839472e-07
   5.1921636e-07
   5.2003934e-07
   5.2086366e-07
   5.2168933e-07
   5.2251635e-07
   5.2334472e-07
   5.2417445e-07
   5.2500553e-07
   5.2583796e-07
   5.2667176e-07
   5.2750692e-07
   5.2834344e-07
   5.2918134e-07
   5.3002060e-07
   5.3086123e-07
   5.3170323e-07
   5.3254662e-07
   5.3339138e-07
   5.3423752e-07
   5.3508504e-07
   5.3593395e-07
   5.3678425e-07
   5.3763594e-07
   5.3848902e-07
   5.3934350e-07
   5.4019937e-07
   5.4105664e-07
   5.4191532e-07
   5.4277539e-07
   5.4363688e-07
   5.4449977e-07
   5.4536408e-07
   5.4622980e-07
   5.4709693e-07
   5.4796549e-07
   5.4883546e-07
   5.4970686e-07
   5.5057968e-07
   5.5145394e-07
   5.5232962e-07
   5.5320673e-07
   5.5408528e-07
   5.5496527e-07
   5.5584670e-07
   5.5672957e-07
   5.5761389e-07
   5.5849965e-07
   5.5938687e-07
   5.6027553e-07
   5.6116565e-07
   5.6205723e-07
   5.6295027e-07
   5.6384477e-07
   5.6474073e-07
   5.6563816e-07
   5.6653706e-07
   5.6743744e-07
   5.6833928e-07
   5.6924261e-07
   5.7014741e-07
   5.7105370e-07
   5.7196147e-07
   5.7287072e-07
   5.7378147e-07
   5.7469371e-07
   5.7560744e-07
   5.7652267e-07
   5.7743940e-07
   5.7835764e-07
   5.7927737e-07
   5.8019862e-07
   5.8112137e-07
   5.8204564e-07
   5.8297142e-07
   5.8389871e-07
   5.8482753e-07
   5.8575787e-07
   5.8668974e-07
   5.8762313e-07
   5.8855805e-07
   5.8949451e-07
   5.9043250e-07
   5.9137203e-07
   5.9231310e-07
   5.9325571e-07
   5.9419987e-07
   5.9514558e-07
   5.9609284e-07
   5.9704165e-07
   5.9799202e-07
   5.9894395e-07
   5.9989744e-07
   6.0085249e-07
   6.0180911e-07
   6.0276730e-07
   6.0372706e-07
   6.0468839e-07
   6.0565131e-07
   6.0661580e-07
   6.0758188e-07
   6.0854954e-07
   6.0951879e-07
   6.1048963e-07
   6.1146206e-07
   6.1243609e-07
   6.1341172e-07
   6.1438895e-07
   6.1536778e-07
   6.1634823e-07
   6.1733028e-07
   6.1831394e-07
   6.1929922e-07
   6.2028611e-07
   6.2127463e-07
   6.2226477e-07
   6.2325654e-07
   6.2424993e-07
   6.2524496e-07
   6.2624162e-07
   6.2723992e-07
   6.2823986e-07
   6.2924144e-07
   6.3024467e-07
   6.3124954e-07
   6.3225607e-07
   6.3326424e-07
   6.3427408e-07
   6.3528558e-07
   6.3629873e-07
   6.3731355e-07
   6.3833004e-07
   6.3934821e-07
   6.4036804e-07
   6.4138955e-07
   6.4241274e-07
   6.4343761e-07
   6.4446417e-07
   6.4549241e-07
   6.4652235e-07
   6.4755398e-07
   6.4858730e-07
   6.4962232e-07
   6.5065905e-07
   6.5169748e-07
   6.5273762e-07
   6.5377947e-07
   6.5482303e-07
   6.5586831e-07
   6.5691530e-07
   6.5796403e-07
   6.5901447e-07
   6.6006664e-07
   6.6112055e-07
   6.6217619e-07
   6.6323356e-07
   6.6429268e-07
   6.6535354e-07
   6.6641614e-07
   6.6748050e-07
   6.6854660e-07
   6.6961446e-07
   6.7068408e-07
   6.7175545e-07
   6.7282859e-07
   6.7390350e-07
   6.7498018e-07
   6.7605863e-07
   6.7713885e-07
   6.7822086e-07
   6.7930464e-07
   6.8039021e-07
   6.8147757e-07
   6.8256672e-07
   6.8365766e-07
   6.8475040e-07
   6.8584494e-07
   6.8694128e-07
   6.8803943e-07
   6.8913938e-07
   6.9024115e-07
   6.9134473e-07
   6.9245014e-07
   6.9355736e-07
   6.9466641e-07
   6.9577728e-07
   6.9688999e-07
   6.9800452e-07
   6.9912090e-07
   7.0023912e-07
   7.0135917e-07
   7.0248108e-07
   7.0360483e-07
   7.0473044e-07
   7.0585790e-07
   7.0698722e-07
   7.0811840e-07
   7.0925145e-07
   7.1038637e-07
   7.1152315e-07
   7.1266181e-07
   7.1380235e-07
   7.1494477e-07
   7.1608908e-07
   7.1723527e-07
   7.1838335e-07
   7.1953333e-07
   7.2068520e-07
   7.2183897e-07
   7.2299465e-07
   7.2415223e-07
   7.2531172e-07
   7.2647313e-07
   7.2763645e-07
   7.2880169e-07
   7.2996885e-07
   7.3113795e-07
   7.3230896e-07
   7.3348192e-07
   7.3465681e-07
   7.3583363e-07
   7.3701240e-07
   7.3819312e-07
   7.3937578e-07
   7.4056040e-07
   7.4174697e-07
   7.4293551e-07
   7.4412600e-07
   7.4531846e-07
   7.4651289e-07
   7.4770929e-07
   7.4890767e-07
   7.5010803e-07
   7.5131037e-07
   7.5251469e-07
   7.5372101e-07
   7.5492932e-07
   7.5613962e-07
   7.5735192e-07
   7.5856623e-07
   7.5978254e-07
   7.6100086e-07
   7.6222120e-07
   7.6344355e-07
   7.6466792e-07
   7.6589431e-07
   7.6712273e-07
   7.6835318e-07
   7.6958567e-07
   7.7082019e-07
   7.7205676e-07
   7.7329536e-07
   7.7453602e-07
   7.7577872e-07
   7.7702348e-07
   7.7827030e-07
   7.7951918e-07
   7.8077013e-07
   7.8202314e-07
   7.8327823e-07
   7.8453539e-07
   7.8579463e-07
   7.8705595e-07
   7.8831936e-07
   7.8958486e-07
   7.9085245e-07
   7.9212214e-07
   7.9339393e-07
   7.9466783e-07
   7.9594383e-07
   7.9722194e-07
   7.9850217e-07
   7.9978452e-07
   8.0106898e-07
   8.0235558e-07
   8.0364430e-07
   8.0493516e-07
   8.0622815e-07
   8.0752328e-07
   8.0882056e-07
   8.1011999e-07
   8.1142156e-07
   8.1272529e-07
   8.1403118e-07
   8.1533923e-07
   8.1664945e-07
   8.1796184e-07
   8.1927640e-07
   8.2059313e-07
   8.2191205e-07
   8.2323315e-07
   8.2455644e-07
   8.2588193e-07
   8.2720960e-07
   8.2853948e-07
   8.2987156e-07
   8.3120585e-07
   8.3254234e-07
   8.3388106e-07
   8.3522199e-07
   8.3656514e-07
   8.3791051e-07
   8.3925812e-07
   8.4060796e-07
   8.4196004e-07
   8.4331436e-07
   8.4467092e-07
   8.4602973e-07
   8.4739080e-07
   8.4875412e-07
   8.5011970e-07
   8.5148754e-07
   8.5285766e-07
   8.5423004e-07
   8.5560470e-07
   8.5698164e-07
   8.5836086e-07
   8.5974237e-07
   8.6112617e-07
   8.6251227e-07
   8.6390067e-07
   8.6529136e-07
   8.6668437e-07
   8.6807969e-07
   8.6947732e-07
   8.7087727e-07
   8.7227954e-07
   8.7368414e-07
   8.7509107e-07
   8.7650033e-07
   8.7791193e-07
   8.7932588e-07
   8.8074217e-07
   8.8216081e-07
   8.8358181e-07
   8.8500517e-07
   8.8643088e-07
   8.8785897e-07
   8.8928942e-07
   8.9072225e-07
   8.9215746e-07
   8.9359506e-07
   8.9503504e-07
   8.9647741e-07
   8.9792217e-07
   8.9936934e-07
   9.0081890e-07
   9.0227088e-07
   9.0372527e-07
   9.0518207e-07
   9.0664129e-07
   9.0810294e-07
   9.0956701e-07
   9.1103352e-07
   9.1250247e-07
   9.1397385e-07
   9.1544768e-07
   9.1692396e-07
   9.1840269e-07
   9.1988388e-07
   9.2136753e-07
   9.2285364e-07
   9.2434223e-07
   9.2583329e-07
   9.2732683e-07
   9.2882285e-07
   9.3032135e-07
   9.3182235e-07
   9.3332585e-07
   9.3483184e-07
   9.3634034e-07
   9.3785135e-07
   9.3936487e-07
   9.4088090e-07
   9.4239946e-07
   9.4392054e-07
   9.4543061e-07
   9.4691324e-07
   9.4839820e-07
   9.4988550e-07
   9.5137514e-07
   9.5286711e-07
   9.5436143e-07
   9.5585810e-07
   9.5735712e-07
   9.5885849e-07
   9.6036223e-07
   9.6186833e-07
   9.6337679e-07
   9.6488763e-07
   9.6640083e-07
   9.6791642e-07
   9.6943439e-07
   9.7095474e-07
   9.7247749e-07
   9.7400262e-07
   9.7553015e-07
   9.7706009e-07
   9.7859242e-07
   9.8012717e-07
   9.8166433e-07
   9.8320390e-07
   9.8474589e-07
   9.8629030e-07
   9.8783715e-07
   9.8938642e-07
   9.9093813e-07
   9.9249227e-07
   9.9404886e-07
   9.9560790e-07
   9.9716938e-07
   9.9873332e-07
   1.0002997e-06
   1.0018686e-06
   1.0034399e-06
   1.0050137e-06
   1.0065900e-06
   1.0081687e-06
   1.0097499e-06
   1.0113336e-06
   1.0129198e-06
   1.0145085e-06
   1.0160997e-06
   1.0176934e-06
   1.0192896e-06
   1.0208883e-06
   1.0224895e-06
   1.0240932e-06
   1.0256995e-06
   1.0273083e-06
   1.0289196e-06
   1.0305334e-06
   1.0321498e-06
   1.0337687e-06
   1.0353901e-06
   1.0370142e-06
   1.0386407e-06
   1.0402698e-06
   1.0419015e-06
   1.0435357e-06
   1.0451725e-06
   1.0468119e-06
   1.0484539e-06
   1.0500984e-06
   1.0517455e-06
   1.0533953e-06
   1.0550476e-06
   1.0567025e-06
   1.0583600e-06
   1.0600201e-06
   1.0616828e-06
   1.0633481e-06
   1.0650161e-06
   1.0666866e-06
   1.0683598e-06
   1.0700356e-06
   1.0717141e-06
   1.0733952e-06
   1.0750789e-06
   1.0767653e-06
   1.0784543e-06
   1.0801460e-06
   1.0818404e-06
   1.0835374e-06
   1.0852371e-06
   1.0869394e-06
   1.0886445e-06
   1.0903522e-06
   1.0920626e-06
   1.0937756e-06
   1.0954914e-06
   1.0972099e-06
   1.0989310e-06
   1.1006549e-06
   1.1023815e-06
   1.1041108e-06
   1.1058428e-06
   1.1075776e-06
   1.1093150e-06
   1.1110552e-06
   1.1127981e-06
   1.1145438e-06
   1.1162922e-06
   1.1180434e-06
   1.1197973e-06
   1.1215540e-06
   1.1233134e-06
   1.1250756e-06
   1.1268406e-06
   1.1286083e-06
   1.1303789e-06
   1.1321522e-06
   1.1339283e-06
   1.1357071e-06
   1.1374888e-06
   1.1392733e-06
   1.1410606e-06
   1.1428507e-06
   1.1446436e-06
   1.1464393e-06
   1.1482379e-06
   1.1500393e-06
   1.1518435e-06
   1.1536505e-06
   1.1554604e-06
   1.1572732e-06
   1.1590887e-06
   1.1609072e-06
   1.1627285e-06
   1.1645526e-06
   1.1663797e-06
   1.1682096e-06
   1.1700423e-06
   1.1718780e-06
   1.1737165e-06
   1.1755580e-06
   1.1774023e-06
   1.1792495e-06
   1.1810996e-06
   1.1829527e-06
   1.1848086e-06
   1.1866675e-06
   1.1885293e-06
   1.1903940e-06
   1.1922617e-06
   1.1941323e-06
   1.1960058e-06
   1.1978823e-06
   1.1997617e-06
   1.2016441e-06
   1.2035294e-06
   1.2054177e-06
   1.2073090e-06
   1.2092032e-06
   1.2111004e-06
   1.2130006e-06
   1.2149038e-06
   1.2168100e-06
   1.2187192e-06
   1.2206314e-06
   1.2225465e-06
   1.2244647e-06
   1.2263860e-06
   1.2283102e-06
   1.2302374e-06
   1.2321677e-06
   1.2341011e-06
   1.2360374e-06
   1.2379768e-06
   1.2399193e-06
   1.2418648e-06
   1.2438134e-06
   1.2457650e-06
   1.2477197e-06
   1.2496775e-06
   1.2516383e-06
   1.2536023e-06
   1.2555693e-06
   1.2575394e-06
   1.2595126e-06
   1.2614889e-06
   1.2634684e-06
   1.2654509e-06
   1.2674365e-06
   1.2694253e-06
   1.2714172e-06
   1.2734123e-06
   1.2754104e-06
   1.2774117e-06
   1.2794162e-06
   1.2814238e-06
   1.2834346e-06
   1.2854485e-06
   1.2874656e-06
   1.2894859e-06
   1.2915093e-06
   1.2935359e-06
   1.2955657e-06
   1.2975987e-06
   1.2996349e-06
   1.3016743e-06
   1.3037170e-06
   1.3057628e-06
   1.3078118e-06
   1.3098641e-06
   1.3119195e-06
   1.3139783e-06
   1.3160402e-06
   1.3181054e-06
   1.3201739e-06
   1.3222456e-06
   1.3243205e-06
   1.3263987e-06
   1.3284802e-06
   1.3305650e-06
   1.3326530e-06
   1.3347443e-06
   1.3368389e-06
   1.3389368e-06
   1.3410380e-06
   1.3431425e-06
   1.3452503e-06
   1.3473615e-06
   1.3494759e-06
   1.3515937e-06
   1.3537148e-06
   1.3558392e-06
   1.3579670e-06
   1.3600981e-06
   1.3622326e-06
   1.3643704e-06
   1.3665116e-06
   1.3686562e-06
   1.3708041e-06
   1.3729554e-06
   1.3751101e-06
   1.3772682e-06
   1.3794297e-06
   1.3815945e-06
   1.3837628e-06
   1.3859345e-06
   1.3881096e-06
   1.3902881e-06
   1.3924701e-06
   1.3946555e-06
   1.3968443e-06
   1.3990365e-06
   1.4012322e-06
   1.4034314e-06
   1.4056340e-06
   1.4078401e-06
   1.4100497e-06
   1.4122627e-06
   1.4144792e-06
   1.4166992e-06
   1.4189227e-06
   1.4211496e-06
   1.4233801e-06
   1.4256141e-06
   1.4278516e-06
   1.4300926e-06
   1.4323372e-06
   1.4345853e-06
   1.4368369e-06
   1.4390920e-06
   1.4413507e-06
   1.4436130e-06
   1.4458788e-06
   1.4481482e-06
   1.4504211e-06
   1.4526976e-06
   1.4549777e-06
   1.4572614e-06
   1.4595487e-06
   1.4618395e-06
   1.4641340e-06
   1.4664321e-06
   1.4687338e-06
   1.4710391e-06
   1.4733480e-06
   1.4756606e-06
   1.4779768e-06
   1.4802967e-06
   1.4826202e-06
   1.4849473e-06
   1.4872782e-06
   1.4896126e-06
   1.4919508e-06
   1.4942926e-06
   1.4966381e-06
   1.4989873e-06
   1.5013402e-06
   1.5036968e-06
   1.5060572e-06
   1.5084212e-06
   1.5107889e-06
   1.5131604e-06
   1.5155356e-06
   1.5179145e-06
   1.5202971e-06
   1.5226836e-06
   1.5250737e-06
   1.5274677e-06
   1.5298654e-06
   1.5322668e-06
   1.5346721e-06
   1.5370811e-06
   1.5394939e-06
   1.5419105e-06
   1.5443309e-06
   1.5467551e-06
   1.5491832e-06
   1.5516150e-06
   1.5540507e-06
   1.5564902e-06
   1.5589335e-06
   1.5613807e-06
   1.5638318e-06
   1.5662867e-06
   1.5687454e-06
   1.5712080e-06
   1.5736745e-06
   1.5761449e-06
   1.5786191e-06
   1.5810973e-06
   1.5835793e-06
   1.5860653e-06
   1.5885552e-06
   1.5910489e-06
   1.5935466e-06
   1.5960483e-06
   1.5985538e-06
   1.6010633e-06
   1.6035768e-06
   1.6060942e-06
   1.6086156e-06
   1.6111409e-06
   1.6136702e-06
   1.6162035e-06
   1.6187408e-06
   1.6212820e-06
   1.6238273e-06
   1.6263766e-06
   1.6289298e-06
   1.6314871e-06
   1.6340484e-06
   1.6366138e-06
   1.6391832e-06
   1.6417566e-06
   1.6443340e-06
   1.6469156e-06
   1.6495011e-06
   1.6520908e-06
   1.6546845e-06
   1.6572823e-06
   1.6598842e-06
   1.6624902e-06
   1.6651003e-06
   1.6677145e-06
   1.6703328e-06
   1.6729552e-06
   1.6755817e-06
   1.6782124e-06
   1.6808472e-06
   1.6834862e-06
   1.6861293e-06
   1.6887766e-06
   1.6914280e-06
   1.6940836e-06
   1.6967434e-06
   1.6994074e-06
   1.7020755e-06
   1.7047479e-06
   1.7074245e-06
   1.7101052e-06
   1.7127902e-06
   1.7154794e-06
   1.7181729e-06
   1.7208706e-06
   1.7235725e-06
   1.7262787e-06
   1.7289891e-06
   1.7317038e-06
   1.7344228e-06
   1.7371460e-06
   1.7398735e-06
   1.7426054e-06
   1.7453415e-06
   1.7480819e-06
   1.7508266e-06
   1.7535757e-06
   1.7563291e-06
   1.7590868e-06
   1.7618488e-06
   1.7646152e-06
   1.7673860e-06
   1.7701611e-06
   1.7729406e-06
   1.7757244e-06
   1.7785126e-06
   1.7813053e-06
   1.7841023e-06
   1.7869037e-06
   1.7897095e-06
   1.7925197e-06
   1.7953344e-06
   1.7981535e-06
   1.8009770e-06
   1.8038049e-06
   1.8066373e-06
   1.8094742e-06
   1.8123155e-06
   1.8151613e-06
   1.8180116e-06
   1.8208664e-06
   1.8237256e-06
   1.8265894e-06
   1.8294576e-06
   1.8323304e-06
   1.8352077e-06
   1.8380895e-06
   1.8409758e-06
   1.8438667e-06
   1.8467622e-06
   1.8496622e-06
   1.8525667e-06
   1.8554759e-06
   1.8583896e-06
   1.8613079e-06
   1.8642308e-06
   1.8671582e-06
   1.8700903e-06
   1.8730270e-06
   1.8759684e-06
   1.8789143e-06
   1.8818649e-06
   1.8848201e-06
   1.8877800e-06
   1.8907446e-06
   1.8937138e-06
   1.8966876e-06
   1.8996662e-06
   1.9026494e-06
   1.9056374e-06
   1.9086300e-06
   1.9116274e-06
   1.9146294e-06
   1.9176362e-06
   1.9206477e-06
   1.9236640e-06
   1.9266850e-06
   1.9297107e-06
   1.9327413e-06
   1.9357766e-06
   1.9388166e-06
   1.9418615e-06
   1.9449111e-06
   1.9479655e-06
   1.9510248e-06
   1.9540888e-06
   1.9571577e-06
   1.9602314e-06
   1.9633100e-06
   1.9663934e-06
   1.9694816e-06
   1.9725747e-06
   1.9756727e-06
   1.9787755e-06
   1.9818833e-06
   1.9849959e-06
   1.9881134e-06
   1.9912358e-06
   1.9943632e-06
   1.9974954e-06
   2.0006326e-06
   2.0037748e-06
   2.0069218e-06
   2.0100738e-06
   2.0132308e-06
   2.0163928e-06
   2.0195597e-06
   2.0227316e-06
   2.0259085e-06
   2.0290904e-06
   2.0322773e-06
   2.0354693e-06
   2.0386662e-06
   2.0418682e-06
   2.0450752e-06
   2.0482873e-06
   2.0515044e-06
   2.0547266e-06
   2.0579538e-06
   2.0611862e-06
   2.0644236e-06
   2.0676661e-06
   2.0709137e-06
   2.0741665e-06
   2.0774243e-06
   2.0806873e-06
   2.0839554e-06
   2.0872287e-06
   2.0905071e-06
   2.0937907e-06
   2.0970794e-06
   2.1003733e-06
   2.1036724e-06
   2.1069767e-06
   2.1102862e-06
   2.1136009e-06
   2.1169208e-06
   2.1202459e-06
   2.1235763e-06
   2.1269119e-06
   2.1302528e-06
   2.1335989e-06
   2.1369503e-06
   2.1403070e-06
   2.1436689e-06
   2.1470361e-06
   2.1504087e-06
   2.1537865e-06
   2.1571697e-06
   2.1605582e-06
   2.1639520e-06
   2.1673512e-06
   2.1707557e-06
   2.1741656e-06
   2.1775808e-06
   2.1810014e-06
   2.1844274e-06
   2.1878588e-06
   2.1912956e-06
   2.1947378e-06
   2.1981854e-06
   2.2016385e-06
   2.2050969e-06
   2.2085609e-06
   2.2120302e-06
   2.2155051e-06
   2.2189854e-06
   2.2224712e-06
   2.2259625e-06
   2.2294592e-06
   2.2329615e-06
   2.2364693e-06
   2.2399826e-06
   2.2435014e-06
   2.2470258e-06
   2.2505557e-06
   2.2540912e-06
   2.2576322e-06
   2.2611789e-06
   2.2647311e-06
   2.2682889e-06
   2.2718523e-06
   2.2754213e-06
   2.2789959e-06
   2.2825761e-06
   2.2861620e-06
   2.2897535e-06
   2.2933507e-06
   2.2969536e-06
   2.3005621e-06
   2.3041763e-06
   2.3077962e-06
   2.3114217e-06
   2.3150530e-06
   2.3186900e-06
   2.3223328e-06
   2.3259812e-06
   2.3296354e-06
   2.3332954e-06
   2.3369611e-06
   2.3406326e-06
   2.3443099e-06
   2.3479930e-06
   2.3516818e-06
   2.3553765e-06
   2.3590770e-06
   2.3627833e-06
   2.3664954e-06
   2.3702134e-06
   2.3739372e-06
   2.3776669e-06
   2.3814025e-06
   2.3851440e-06
   2.3888913e-06
   2.3926446e-06
   2.3964037e-06
   2.4001688e-06
   2.4039398e-06
   2.4077167e-06
   2.4114996e-06
   2.4152884e-06
   2.4190832e-06
   2.4228840e-06
   2.4266908e-06
   2.4305035e-06
   2.4343223e-06
   2.4381470e-06
   2.4419778e-06
   2.4458146e-06
   2.4496575e-06
   2.4535064e-06
   2.4573614e-06
   2.4612224e-06
   2.4650895e-06
   2.4689627e-06
   2.4728420e-06
   2.4767274e-06
   2.4806190e-06
   2.4845166e-06
   2.4884204e-06
   2.4923304e-06
   2.4962464e-06
   2.5001687e-06
   2.5040971e-06
   2.5080318e-06
   2.5119726e-06
   2.5159196e-06
   2.5198728e-06
   2.5238323e-06
   2.5277980e-06
   2.5317699e-06
   2.5357481e-06
   2.5397325e-06
   2.5437232e-06
   2.5477203e-06
   2.5517236e-06
   2.5557332e-06
   2.5597491e-06
   2.5637713e-06
   2.5677999e-06
   2.5718348e-06
   2.5758761e-06
   2.5799237e-06
   2.5839777e-06
   2.5880381e-06
   2.5921049e-06
   2.5961780e-06
   2.6002576e-06
   2.6043437e-06
   2.6084361e-06
   2.6125350e-06
   2.6166404e-06
   2.6207522e-06
   2.6248705e-06
   2.6289952e-06
   2.6331265e-06
   2.6372643e-06
   2.6414086e-06
   2.6455594e-06
   2.6497167e-06
   2.6538806e-06
   2.6580511e-06
   2.6622281e-06
   2.6664117e-06
   2.6706019e-06
   2.6747987e-06
   2.6790021e-06
   2.6832121e-06
   2.6874287e-06
   2.6916520e-06
   2.6958819e-06
   2.7001185e-06
   2.7043618e-06
   2.7086117e-06
   2.7128683e-06
   2.7171317e-06
   2.7214017e-06
   2.7256785e-06
   2.7299620e-06
   2.7342523e-06
   2.7385493e-06
   2.7428531e-06
   2.7471636e-06
   2.7514809e-06
   2.7558051e-06
   2.7601360e-06
   2.7644738e-06
   2.7688184e-06
   2.7731698e-06
   2.7775281e-06
   2.7818933e-06
   2.7862653e-06
   2.7906442e-06
   2.7950301e-06
   2.7994228e-06
   2.8038224e-06
   2.8082290e-06
   2.8126425e-06
   2.8170629e-06
   2.8214903e-06
   2.8259247e-06
   2.8303661e-06
   2.8348145e-06
   2.8392698e-06
   2.8437322e-06
   2.8482016e-06
   2.8526781e-06
   2.8571616e-06
   2.8616522e-06
   2.8661498e-06
   2.8706545e-06
   2.8751663e-06
   2.8796852e-06
   2.8842113e-06
   2.8887444e-06
   2.8932847e-06
   2.8978322e-06
   2.9023868e-06
   2.9069486e-06
   2.9115176e-06
   2.9160937e-06
   2.9206771e-06
   2.9252677e-06
   2.9298655e-06
   2.9344706e-06
   2.9390829e-06
   2.9437025e-06
   2.9483293e-06
   2.9529635e-06
   2.9576049e-06
   2.9622536e-06
   2.9669097e-06
   2.9715731e-06
   2.9762439e-06
   2.9809220e-06
   2.9856074e-06
   2.9903003e-06
   2.9950005e-06
   2.9997082e-06
   3.0044232e-06
   3.0091457e-06
   3.0138757e-06
   3.0186130e-06
   3.0233579e-06
   3.0281102e-06
   3.0328700e-06
   3.0376373e-06
   3.0424121e-06
   3.0471944e-06
   3.0519842e-06
   3.0567816e-06
   3.0615866e-06
   3.0663991e-06
   3.0712192e-06
   3.0760469e-06
   3.0808822e-06
   3.0857251e-06
   3.0905756e-06
   3.0954338e-06
   3.1002997e-06
   3.1051731e-06
   3.1100543e-06
   3.1149432e-06
   3.1198397e-06
   3.1247440e-06
   3.1296560e-06
   3.1345757e-06
   3.1395032e-06
   3.1444385e-06
   3.1493815e-06
   3.1543323e-06
   3.1592909e-06
   3.1642573e-06
   3.1692316e-06
   3.1742136e-06
   3.1792035e-06
   3.1842013e-06
   3.1892070e-06
   3.1942205e-06
   3.1992419e-06
   3.2042713e-06
   3.2093086e-06
   3.2143538e-06
   3.2194069e-06
   3.2244680e-06
   3.2295371e-06
   3.2346142e-06
   3.2396992e-06
   3.2447923e-06
   3.2498934e-06
   3.2550025e-06
   3.2601197e-06
   3.2652449e-06
   3.2703782e-06
   3.2755196e-06
   3.2806691e-06
   3.2858268e-06
   3.2909925e-06
   3.2961664e-06
   3.3013484e-06
   3.3065386e-06
   3.3117369e-06
   3.3169435e-06
   3.3221582e-06
   3.3273812e-06
   3.3326124e-06
   3.3378518e-06
   3.3430995e-06
   3.3483555e-06
   3.3536197e-06
   3.3588922e-06
   3.3641731e-06
   3.3694622e-06
   3.3747597e-06
   3.3800656e-06
   3.3853797e-06
   3.3907023e-06
   3.3960333e-06
   3.4013726e-06
   3.4067204e-06
   3.4120765e-06
   3.4174412e-06
   3.4228142e-06
   3.4281958e-06
   3.4335858e-06
   3.4389843e-06
   3.4443913e-06
   3.4498068e-06
   3.4552309e-06
   3.4606635e-06
   3.4661047e-06
   3.4715544e-06
   3.4770127e-06
   3.4824796e-06
   3.4879552e-06
   3.4934393e-06
   3.4989321e-06
   3.5044336e-06
   3.5099437e-06
   3.5154625e-06
   3.5209900e-06
   3.5265262e-06
   3.5320711e-06
   3.5376248e-06
   3.5431872e-06
   3.5487584e-06
   3.5543384e-06
   3.5599271e-06
   3.5655247e-06
   3.5711310e-06
   3.5767462e-06
   3.5823703e-06
   3.5880032e-06
   3.5936450e-06
   3.5992957e-06
   3.6049552e-06
   3.6106237e-06
   3.6163012e-06
   3.6219875e-06
   3.6276829e-06
   3.6333872e-06
   3.6391005e-06
   3.6448228e-06
   3.6505541e-06
   3.6562944e-06
   3.6620438e-06
   3.6678022e-06
   3.6735698e-06
   3.6793464e-06
   3.6851321e-06
   3.6909269e-06
   3.6967308e-06
   3.7025439e-06
   3.7083662e-06
   3.7141976e-06
   3.7200382e-06
   3.7258881e-06
   3.7317471e-06
   3.7376154e-06
   3.7434929e-06
   3.7493797e-06
   3.7552757e-06
   3.7611811e-06
   3.7670957e-06
   3.7730197e-06
   3.7789530e-06
   3.7848957e-06
   3.7908477e-06
   3.7968091e-06
   3.8027799e-06
   3.8087601e-06
   3.8147497e-06
   3.8207487e-06
   3.8267572e-06
   3.8327752e-06
   3.8388027e-06
   3.8448396e-06
   3.8508861e-06
   3.8569421e-06
   3.8630077e-06
   3.8690828e-06
   3.8751674e-06
   3.8812617e-06
   3.8873656e-06
   3.8934791e-06
   3.8996022e-06
   3.9057349e-06
   3.9108163e-06
   3.9157937e-06
   3.9207760e-06
   3.9257631e-06
   3.9307551e-06
   3.9357520e-06
   3.9407537e-06
   3.9457603e-06
   3.9507718e-06
   3.9557882e-06
   3.9608095e-06
   3.9658356e-06
   3.9708667e-06
   3.9759026e-06
   3.9809435e-06
   3.9859892e-06
   3.9910399e-06
   3.9960954e-06
   4.0011559e-06
   4.0062213e-06
   4.0112916e-06
   4.0163669e-06
   4.0214471e-06
   4.0265322e-06
   4.0316222e-06
   4.0367172e-06
   4.0418171e-06
   4.0469219e-06
   4.0520317e-06
   4.0571465e-06
   4.0622662e-06
   4.0673909e-06
   4.0725205e-06
   4.0776551e-06
   4.0827946e-06
   4.0879392e-06
   4.0930887e-06
   4.0982431e-06
   4.1034026e-06
   4.1085670e-06
   4.1137365e-06
   4.1189109e-06
   4.1240903e-06
   4.1292747e-06
   4.1344641e-06
   4.1396585e-06
   4.1448580e-06
   4.1500624e-06
   4.1552719e-06
   4.1604863e-06
   4.1657058e-06
   4.1709303e-06
   4.1761599e-06
   4.1813944e-06
   4.1866340e-06
   4.1918787e-06
   4.1971284e-06
   4.2023831e-06
   4.2076429e-06
   4.2129077e-06
   4.2181776e-06
   4.2234525e-06
   4.2287325e-06
   4.2340176e-06
   4.2393077e-06
   4.2446030e-06
   4.2499032e-06
   4.2552086e-06
   4.2605190e-06
   4.2658346e-06
   4.2711552e-06
   4.2764809e-06
   4.2818117e-06
   4.2871476e-06
   4.2924886e-06
   4.2978347e-06
   4.3031860e-06
   4.3085423e-06
   4.3139037e-06
   4.3192703e-06
   4.3246420e-06
   4.3300188e-06
   4.3354008e-06
   4.3407879e-06
   4.3461801e-06
   4.3515774e-06
   4.3569799e-06
   4.3623876e-06
   4.3678004e-06
   4.3732184e-06
   4.3786415e-06
   4.3840697e-06
   4.3895032e-06
   4.3949418e-06
   4.4003855e-06
   4.4058345e-06
   4.4112886e-06
   4.4167479e-06
   4.4222124e-06
   4.4276821e-06
   4.4331570e-06
   4.4386370e-06
   4.4441223e-06
   4.4496127e-06
   4.4551084e-06
   4.4606093e-06
   4.4661154e-06
   4.4716267e-06
   4.4771432e-06
   4.4826649e-06
   4.4881919e-06
   4.4937241e-06
   4.4992616e-06
   4.5048042e-06
   4.5103521e-06
   4.5159053e-06
   4.5214637e-06
   4.5270273e-06
   4.5325962e-06
   4.5381704e-06
   4.5437498e-06
   4.5493345e-06
   4.5549244e-06
   4.5605197e-06
   4.5661202e-06
   4.5717259e-06
   4.5773370e-06
   4.5829533e-06
   4.5885750e-06
   4.5942019e-06
   4.5998341e-06
   4.6054716e-06
   4.6111144e-06
   4.6167625e-06
   4.6224160e-06
   4.6280747e-06
   4.6337388e-06
   4.6394081e-06
   4.6450828e-06
   4.6507629e-06
   4.6564482e-06
   4.6621389e-06
   4.6678349e-06
   4.6735363e-06
   4.6792430e-06
   4.6849551e-06
   4.6906725e-06
   4.6963952e-06
   4.7021234e-06
   4.7078568e-06
   4.7135957e-06
   4.7193399e-06
   4.7250895e-06
   4.7308445e-06
   4.7366048e-06
   4.7423705e-06
   4.7481416e-06
   4.7539181e-06
   4.7597000e-06
   4.7654873e-06
   4.7712800e-06
   4.7770781e-06
   4.7828816e-06
   4.7886905e-06
   4.7945048e-06
   4.8003246e-06
   4.8061497e-06
   4.8119803e-06
   4.8178163e-06
   4.8236578e-06
   4.8295047e-06
   4.8353570e-06
   4.8412147e-06
   4.8470780e-06
   4.8529466e-06
   4.8588207e-06
   4.8647003e-06
   4.8705853e-06
   4.8764758e-06
   4.8823718e-06
   4.8882732e-06
   4.8941801e-06
   4.9000925e-06
   4.9060103e-06
   4.9119337e-06
   4.9178625e-06
   4.9237969e-06
   4.9297367e-06
   4.9356820e-06
   4.9416328e-06
   4.9475892e-06
   4.9535510e-06
   4.9595183e-06
   4.9654912e-06
   4.9714696e-06
   4.9774535e-06
   4.9834430e-06
   4.9894379e-06
   4.9954384e-06
   5.0014445e-06
   5.0074561e-06
   5.0134732e-06
   5.0194959e-06
   5.0255241e-06
   5.0315579e-06
   5.0375973e-06
   5.0436422e-06
   5.0496926e-06
   5.0557487e-06
   5.0618103e-06
   5.0678775e-06
   5.0739503e-06
   5.0800287e-06
   5.0861126e-06
   5.0922022e-06
   5.0982973e-06
   5.1043980e-06
   5.1105044e-06
   5.1166163e-06
   5.1227339e-06
   5.1288571e-06
   5.1349859e-06
   5.1411203e-06
   5.1472603e-06
   5.1534060e-06
   5.1595573e-06
   5.1657142e-06
   5.1718767e-06
   5.1780450e-06
   5.1842188e-06
   5.1903983e-06
   5.1965835e-06
   5.2027743e-06
   5.2089708e-06
   5.2151729e-06
   5.2213807e-06
   5.2275942e-06
   5.2338133e-06
   5.2400382e-06
   5.2462687e-06
   5.2525049e-06
   5.2587467e-06
   5.2649943e-06
   5.2712476e-06
   5.2775066e-06
   5.2837713e-06
   5.2900416e-06
   5.2963177e-06
   5.3025995e-06
   5.3088871e-06
   5.3151803e-06
   5.3214793e-06
   5.3277840e-06
   5.3340944e-06
   5.3404106e-06
   5.3467325e-06
   5.3530602e-06
   5.3593936e-06
   5.3657328e-06
   5.3720777e-06
   5.3784283e-06
   5.3847848e-06
   5.3911470e-06
   5.3975149e-06
   5.4038887e-06
   5.4102682e-06
   5.4166535e-06
   5.4230446e-06
   5.4294414e-06
   5.4358441e-06
   5.4422525e-06
   5.4486668e-06
   5.4550868e-06
   5.4615127e-06
   5.4679444e-06
   5.4743818e-06
   5.4808251e-06
   5.4872743e-06
   5.4937292e-06
   5.5001900e-06
   5.5066566e-06
   5.5131290e-06
   5.5196073e-06
   5.5260914e-06
   5.5325814e-06
   5.5390772e-06
   5.5455788e-06
   5.5520864e-06
   5.5585998e-06
   5.5651190e-06
   5.5716441e-06
   5.5781751e-06
   5.5847120e-06
   5.5912547e-06
   5.5978034e-06
   5.6043579e-06
   5.6109183e-06
   5.6174846e-06
   5.6240568e-06
   5.6306349e-06
   5.6372189e-06
   5.6438088e-06
   5.6504046e-06
   5.6570064e-06
   5.6636140e-06
   5.6702276e-06
   5.6768471e-06
   5.6834726e-06
   5.6901039e-06
   5.6967413e-06
   5.7033845e-06
   5.7100337e-06
   5.7166889e-06
   5.7233500e-06
   5.7300171e-06
   5.7366901e-06
   5.7433691e-06
   5.7500540e-06
   5.7567450e-06
   5.7634419e-06
   5.7701448e-06
   5.7768536e-06
   5.7835685e-06
   5.7902893e-06
   5.7970162e-06
   5.8037490e-06
   5.8104879e-06
   5.8172327e-06
   5.8239836e-06
   5.8307404e-06
   5.8375033e-06
   5.8442722e-06
   5.8510472e-06
   5.8578281e-06
   5.8646151e-06
   5.8714082e-06
   5.8782072e-06
   5.8850123e-06
   5.8918235e-06
   5.8986407e-06
   5.9054640e-06
   5.9122933e-06
   5.9191287e-06
   5.9259701e-06
   5.9328176e-06
   5.9396712e-06
   5.9465309e-06
   5.9533966e-06
   5.9602685e-06
   5.9671464e-06
   5.9740304e-06
   5.9809205e-06
   5.9878167e-06
   5.9947190e-06
   6.0016274e-06
   6.0085420e-06
   6.0154626e-06
   6.0223894e-06
   6.0293223e-06
   6.0362613e-06
   6.0432064e-06
   6.0501577e-06
   6.0571151e-06
   6.0640786e-06
   6.0710483e-06
   6.0780242e-06
   6.0850062e-06
   6.0919943e-06
   6.0989887e-06
   6.1059891e-06
   6.1129958e-06
   6.1200086e-06
   6.1270276e-06
   6.1340528e-06
   6.1410841e-06
   6.1481216e-06
   6.1551654e-06
   6.1622153e-06
   6.1692714e-06
   6.1763337e-06
   6.1834023e-06
   6.1904770e-06
   6.1975580e-06
   6.2046451e-06
   6.2117385e-06
   6.2188381e-06
   6.2259440e-06
   6.2330560e-06
   6.2401744e-06
   6.2472989e-06
   6.2544297e-06
   6.2615667e-06
   6.2687100e-06
   6.2758596e-06
   6.2830154e-06
   6.2901775e-06
   6.2973458e-06
   6.3045204e-06
   6.3117013e-06
   6.3188885e-06
   6.3260819e-06
   6.3332816e-06
   6.3404876e-06
   6.3477000e-06
   6.3549186e-06
   6.3621435e-06
   6.3693747e-06
   6.3766122e-06
   6.3838560e-06
   6.3911062e-06
   6.3983627e-06
   6.4056255e-06
   6.4128946e-06
   6.4201700e-06
   6.4274518e-06
   6.4347400e-06
   6.4420344e-06
   6.4493353e-06
   6.4566424e-06
   6.4639560e-06
   6.4712759e-06
   6.4786021e-06
   6.4859347e-06
   6.4932737e-06
   6.5006191e-06
   6.5079708e-06
   6.5153290e-06
   6.5226935e-06
   6.5300644e-06
   6.5374417e-06
   6.5448253e-06
   6.5522154e-06
   6.5596119e-06
   6.5670148e-06
   6.5744242e-06
   6.5818399e-06
   6.5892621e-06
   6.5966906e-06
   6.6041257e-06
   6.6115671e-06
   6.6190150e-06
   6.6264693e-06
   6.6339301e-06
   6.6413973e-06
   6.6488709e-06
   6.6563511e-06
   6.6638377e-06
   6.6713307e-06
   6.6788302e-06
   6.6863362e-06
   6.6938487e-06
   6.7013676e-06
   6.7088930e-06
   6.7164249e-06
   6.7239633e-06
   6.7315082e-06
   6.7390596e-06
   6.7466175e-06
   6.7541819e-06
   6.7617528e-06
   6.7693303e-06
   6.7769142e-06
   6.7845047e-06
   6.7921017e-06
   6.7997052e-06
   6.8073152e-06
   6.8149318e-06
   6.8225550e-06
   6.8301847e-06
   6.8378209e-06
   6.8454637e-06
   6.8531130e-06
   6.8607689e-06
   6.8684314e-06
   6.8761005e-06
   6.8837761e-06
   6.8914583e-06
   6.8991470e-06
   6.9068424e-06
   6.9145444e-06
   6.9222529e-06
   6.9299680e-06
   6.9376898e-06
   6.9454181e-06
   6.9531531e-06
   6.9608946e-06
   6.9686428e-06
   6.9763976e-06
   6.9841591e-06
   6.9919271e-06
   6.9997018e-06
   7.0074831e-06
   7.0152711e-06
   7.0230657e-06
   7.0308670e-06
   7.0386749e-06
   7.0464894e-06
   7.0543107e-06
   7.0621386e-06
   7.0699731e-06
   7.0778144e-06
   7.0856623e-06
   7.0935169e-06
   7.1013781e-06
   7.1092461e-06
   7.1171207e-06
   7.1250021e-06
   7.1328901e-06
   7.1407849e-06
   7.1486864e-06
   7.1565945e-06
   7.1645094e-06
   7.1724310e-06
   7.1803594e-06
   7.1882944e-06
   7.1962362e-06
   7.2041847e-06
   7.2121400e-06
   7.2201020e-06
   7.2280708e-06
   7.2360463e-06
   7.2440286e-06
   7.2520176e-06
   7.2600134e-06
   7.2680159e-06
   7.2760253e-06
   7.2840414e-06
   7.2920643e-06
   7.3000939e-06
   7.3081304e-06
   7.3161736e-06
   7.3242237e-06
   7.3322805e-06
   7.3403442e-06
   7.3484146e-06
   7.3564919e-06
   7.3645760e-06
   7.3726669e-06
   7.3807646e-06
   7.3888692e-06
   7.3969806e-06
   7.4050988e-06
   7.4132239e-06
   7.4213558e-06
   7.4294945e-06
   7.4376401e-06
   7.4457926e-06
   7.4539519e-06
   7.4621181e-06
   7.4702912e-06
   7.4784711e-06
   7.4866579e-06
   7.4948516e-06
   7.5030522e-06
   7.5112596e-06
   7.5194740e-06
   7.5276952e-06
   7.5359234e-06
   7.5441584e-06
   7.5524004e-06
   7.5606493e-06
   7.5689051e-06
   7.5771678e-06
   7.5854374e-06
   7.5937140e-06
   7.6019975e-06
   7.6102879e-06
   7.6185853e-06
   7.6268896e-06
   7.6352009e-06
   7.6435191e-06
   7.6518443e-06
   7.6601765e-06
   7.6685156e-06
   7.6768617e-06
   7.6852147e-06
   7.6935747e-06
   7.7019418e-06
   7.7103158e-06
   7.7186968e-06
   7.7270847e-06
   7.7354797e-06
   7.7438817e-06
   7.7522907e-06
   7.7607067e-06
   7.7691297e-06
   7.7775597e-06
   7.7859968e-06
   7.7944409e-06
   7.8028920e-06
   7.8113501e-06
   7.8198153e-06
   7.8282876e-06
   7.8367668e-06
   7.8452532e-06
   7.8537466e-06
   7.8622470e-06
   7.8707545e-06
   7.8792691e-06
   7.8877907e-06
   7.8963195e-06
   7.9048553e-06
   7.9133981e-06
   7.9219481e-06
   7.9305052e-06
   7.9390693e-06
   7.9476406e-06
   7.9562190e-06
   7.9648045e-06
   7.9733970e-06
   7.9819968e-06
   7.9906036e-06
   7.9992175e-06
   8.0078386e-06
   8.0164668e-06
   8.0251022e-06
   8.0337447e-06
   8.0423943e-06
   8.0510511e-06
   8.0597151e-06
   8.0683862e-06
   8.0770644e-06
   8.0857499e-06
   8.0944425e-06
   8.1031423e-06
   8.1118492e-06
   8.1205633e-06
   8.1292847e-06
   8.1380132e-06
   8.1467489e-06
   8.1554918e-06
   8.1642419e-06
   8.1729993e-06
   8.1817638e-06
   8.1905356e-06
   8.1993145e-06
   8.2081007e-06
   8.2168942e-06
   8.2256948e-06
   8.2345027e-06
   8.2433179e-06
   8.2521402e-06
   8.2609699e-06
   8.2698068e-06
   8.2786509e-06
   8.2875023e-06
   8.2963610e-06
   8.3052269e-06
   8.3141001e-06
   8.3229806e-06
   8.3318684e-06
   8.3407635e-06
   8.3496658e-06
   8.3585755e-06
   8.3674924e-06
   8.3764167e-06
   8.3853483e-06
   8.3942871e-06
   8.4032333e-06
   8.4121868e-06
   8.4211477e-06
   8.4301158e-06
   8.4390913e-06
   8.4480742e-06
   8.4570644e-06
   8.4660619e-06
   8.4750668e-06
   8.4840790e-06
   8.4930986e-06
   8.5021255e-06
   8.5111598e-06
   8.5202015e-06
   8.5292506e-06
   8.5383070e-06
   8.5473708e-06
   8.5564420e-06
   8.5655206e-06
   8.5746066e-06
   8.5837000e-06
   8.5928008e-06
   8.6019091e-06
   8.6110247e-06
   8.6201477e-06
   8.6292782e-06
   8.6384161e-06
   8.6475614e-06
   8.6567141e-06
   8.6658743e-06
   8.6750420e-06
   8.6842170e-06
   8.6933996e-06
   8.7025895e-06
   8.7117870e-06
   8.7209919e-06
   8.7302043e-06
   8.7394241e-06
   8.7486514e-06
   8.7578862e-06
   8.7671285e-06
   8.7763783e-06
   8.7856356e-06
   8.7949003e-06
   8.8041726e-06
   8.8134524e-06
   8.8227397e-06
   8.8320345e-06
   8.8413368e-06
   8.8506466e-06
   8.8599640e-06
   8.8692889e-06
   8.8786213e-06
   8.8879613e-06
   8.8973088e-06
   8.9066639e-06
   8.9160265e-06
   8.9253967e-06
   8.9347744e-06
   8.9441598e-06
   8.9535526e-06
   8.9629531e-06
   8.9723611e-06
   8.9817767e-06
   8.9911999e-06
   9.0006307e-06
   9.0100691e-06
   9.0195151e-06
   9.0289687e-06
   9.0384298e-06
   9.0478987e-06
   9.0573751e-06
   9.0668591e-06
   9.0763508e-06
   9.0858501e-06
   9.0953570e-06
   9.1048716e-06
   9.1143938e-06
   9.1239237e-06
   9.1334612e-06
   9.1430064e-06
   9.1525592e-06
   9.1621197e-06
   9.1716878e-06
   9.1812637e-06
   9.1908472e-06
   9.2004384e-06
   9.2100373e-06
   9.2196438e-06
   9.2292581e-06
   9.2388800e-06
   9.2485097e-06
   9.2581471e-06
   9.2677922e-06
   9.2774449e-06
   9.2871055e-06
   9.2967737e-06
   9.3064497e-06
   9.3161334e-06
   9.3258248e-06
   9.3355240e-06
   9.3452309e-06
   9.3549456e-06
   9.3646680e-06
   9.3743982e-06
   9.3841362e-06
   9.3938819e-06
   9.4036354e-06
   9.4133967e-06
   9.4231657e-06
   9.4329425e-06
   9.4427272e-06
   9.4525196e-06
   9.4623198e-06
   9.4721278e-06
   9.4819436e-06
   9.4917673e-06
   9.5015987e-06
   9.5114380e-06
   9.5212851e-06
   9.5311400e-06
   9.5410028e-06
   9.5508733e-06
   9.5607518e-06
   9.5706381e-06
   9.5805322e-06
   9.5904342e-06
   9.6003440e-06
   9.6102617e-06
   9.6201873e-06
   9.6301207e-06
   9.6400620e-06
   9.6500112e-06
   9.6599683e-06
   9.6699333e-06
   9.6799062e-06
   9.6898869e-06
   9.6998756e-06
   9.7098722e-06
   9.7198767e-06
   9.7298891e-06
   9.7399094e-06
   9.7499376e-06
   9.7599738e-06
   9.7700179e-06
   9.7800700e-06
   9.7901300e-06
   9.8001979e-06
   9.8102738e-06
   9.8203576e-06
   9.8304494e-06
   9.8405492e-06
   9.8506569e-06
   9.8607726e-06
   9.8708963e-06
   9.8810280e-06
   9.8911676e-06
   9.9013152e-06
   9.9114709e-06
   9.9216345e-06
   9.9318061e-06
   9.9419858e-06
   9.9521734e-06
   9.9623691e-06
   9.9725728e-06
   9.9827845e-06
   9.9930043e-06
   1.0003232e-05
   1.0013468e-05
   1.0023712e-05
   1.0033964e-05
   1.0044224e-05
   1.0054492e-05
   1.0064768e-05
   1.0075052e-05
   1.0085344e-05
   1.0095644e-05
   1.0105953e-05
   1.0116269e-05
   1.0126594e-05
   1.0136926e-05
   1.0147267e-05
   1.0157616e-05
   1.0167973e-05
   1.0178338e-05
   1.0188711e-05
   1.0199092e-05
   1.0209482e-05
   1.0219879e-05
   1.0230285e-05
   1.0240699e-05
   1.0251121e-05
   1.0261551e-05
   1.0271989e-05
   1.0282435e-05
   1.0292890e-05
   1.0303353e-05
   1.0313823e-05
   1.0324302e-05
   1.0334790e-05
   1.0345285e-05
   1.0355789e-05
   1.0366300e-05
   1.0376820e-05
   1.0387349e-05
   1.0397885e-05
   1.0408430e-05
   1.0418982e-05
   1.0429543e-05
   1.0440113e-05
   1.0450690e-05
   1.0461276e-05
   1.0471870e-05
   1.0482472e-05
   1.0493082e-05
   1.0503701e-05
   1.0514328e-05
   1.0524963e-05
   1.0535606e-05
   1.0546258e-05
   1.0556918e-05
   1.0567586e-05
   1.0578263e-05
   1.0588947e-05
   1.0599640e-05
   1.0610342e-05
   1.0621052e-05
   1.0631769e-05
   1.0642496e-05
   1.0653230e-05
   1.0663973e-05
   1.0674724e-05
   1.0685484e-05
   1.0696252e-05
   1.0707028e-05
   1.0717813e-05
   1.0728606e-05
   1.0739407e-05
   1.0750216e-05
   1.0761034e-05
   1.0771861e-05
   1.0782695e-05
   1.0793538e-05
   1.0804390e-05
   1.0815249e-05
   1.0826118e-05
   1.0836994e-05
   1.0847879e-05
   1.0858773e-05
   1.0869674e-05
   1.0880584e-05
   1.0891503e-05
   1.0902430e-05
   1.0913365e-05
   1.0924309e-05
   1.0935261e-05
   1.0946222e-05
   1.0957191e-05
   1.0968169e-05
   1.0979155e-05
   1.0990149e-05
   1.1001152e-05
   1.1012164e-05
   1.1023183e-05
   1.1034212e-05
   1.1045248e-05
   1.1056294e-05
   1.1067347e-05
   1.1078410e-05
   1.1089480e-05
   1.1100560e-05
   1.1111647e-05
   1.1122744e-05
   1.1133848e-05
   1.1144962e-05
   1.1156083e-05
   1.1167214e-05
   1.1178352e-05
   1.1189500e-05
   1.1200656e-05
   1.1211820e-05
   1.1222993e-05
   1.1234175e-05
   1.1245365e-05
   1.1256563e-05
   1.1267771e-05
   1.1278986e-05
   1.1290211e-05
   1.1301444e-05
   1.1312685e-05
   1.1323935e-05
   1.1335194e-05
   1.1346461e-05
   1.1357737e-05
   1.1369022e-05
   1.1380315e-05
   1.1391616e-05
   1.1402927e-05
   1.1414246e-05
   1.1425573e-05
   1.1436910e-05
   1.1448255e-05
   1.1459608e-05
   1.1470970e-05
   1.1482341e-05
   1.1493721e-05
   1.1505109e-05
   1.1516505e-05
   1.1527911e-05
   1.1539325e-05
   1.1550748e-05
   1.1562179e-05
   1.1573620e-05
   1.1585069e-05
   1.1596526e-05
   1.1607992e-05
   1.1619467e-05
   1.1630951e-05
   1.1642444e-05
   1.1653945e-05
   1.1665455e-05
   1.1676973e-05
   1.1688501e-05
   1.1700037e-05
   1.1711581e-05
   1.1723135e-05
   1.1734697e-05
   1.1746269e-05
   1.1757848e-05
   1.1769437e-05
   1.1781034e-05
   1.1792641e-05
   1.1804256e-05
   1.1815879e-05
   1.1827512e-05
   1.1839153e-05
   1.1850803e-05
   1.1862462e-05
   1.1874130e-05
   1.1885807e-05
   1.1897492e-05
   1.1909186e-05
   1.1920889e-05
   1.1932601e-05
   1.1944322e-05
   1.1956051e-05
   1.1967790e-05
   1.1979537e-05
   1.1991293e-05
   1.2003058e-05
   1.2014832e-05
   1.2026614e-05
   1.2038406e-05
   1.2050207e-05
   1.2062016e-05
   1.2073834e-05
   1.2085661e-05
   1.2097497e-05
   1.2109342e-05
   1.2121196e-05
   1.2133059e-05
   1.2144930e-05
   1.2156811e-05
   1.2168700e-05
   1.2180599e-05
   1.2192506e-05
   1.2204423e-05
   1.2216348e-05
   1.2228282e-05
   1.2240225e-05
   1.2252177e-05
   1.2264138e-05
   1.2276108e-05
   1.2288088e-05
   1.2300076e-05
   1.2312073e-05
   1.2324078e-05
   1.2336093e-05
   1.2348117e-05
   1.2360150e-05
   1.2372192e-05
   1.2384243e-05
   1.2396303e-05
   1.2408372e-05
   1.2420450e-05
   1.2432538e-05
   1.2444634e-05
   1.2456739e-05
   1.2468853e-05
   1.2480976e-05
   1.2493109e-05
   1.2505250e-05
   1.2517400e-05
   1.2529560e-05
   1.2541728e-05
   1.2553906e-05
   1.2566093e-05
   1.2578289e-05
   1.2590493e-05
   1.2602707e-05
   1.2614931e-05
   1.2627163e-05
   1.2639404e-05
   1.2651655e-05
   1.2663914e-05
   1.2676183e-05
   1.2688461e-05
   1.2700747e-05
   1.2713044e-05
   1.2725349e-05
   1.2737663e-05
   1.2749987e-05
   1.2762319e-05
   1.2774661e-05
   1.2787012e-05
   1.2799372e-05
   1.2811742e-05
   1.2824120e-05
   1.2836508e-05
   1.2848905e-05
   1.2861311e-05
   1.2873726e-05
   1.2886151e-05
   1.2898585e-05
   1.2911028e-05
   1.2923480e-05
   1.2935941e-05
   1.2948412e-05
   1.2960892e-05
   1.2973381e-05
   1.2985879e-05
   1.2998387e-05
   1.3010904e-05
   1.3023430e-05
   1.3035965e-05
   1.3048510e-05
   1.3061064e-05
   1.3073627e-05
   1.3086199e-05
   1.3098781e-05
   1.3111372e-05
   1.3123972e-05
   1.3136582e-05
